mkdir test
cd test
ls
jobs
sleep 10 &
jobs
sleep 4 &
sleep 1
jobs
inputbufferlength1271271271271271271271271271271271271271271271271271271271271271271271271271271271271271271271271271271271277
inputbufferlength12812812812812812812812812812812812812812812812812812812812812812812812812812812812812812812812812812812812812
inputbufferlength129129129129129129129129129129129129129129129129129129129129129129129129129129129129129129129129129129129129129

thirty one tokens 4 5 6 7 8 9 10 11 12 13 14 15 16 17 18 19 20 21 22 23 24 25 26 27 28 29 30 31
thirty two tokens 4 5 6 7 8 9 10 11 12 13 14 15 16 17 18 19 20 21 22 23 24 25 26 27 28 29 30 31 32
thirty three tokens 4 5 6 7 8 9 10 11 12 13 14 15 16 17 18 19 20 21 22 23 24 25 26 27 28 29 30 31 32 33

exit &
exit